575
598
178
572
351
238
467
472
332
254
109
199
477
195
226
508
71
208
183
121
5
35
466
366
418
561
341
415
548
404
483
372
485
136
423
503
360
469
533
395
276
583
21
394
92
441
582
323
95
16
500
49
436
112
9
265
315
295
155
409
56
103
387
510
23
535
434
299
378
45
588
252
51
447
478
339
414
159
96
559
206
262
273
463
534
62
221
212
98
78
106
424
50
269
93
497
460
390
8
403
335
4
219
518
268
139
202
188
69
41
357
99
383
164
456
94
593
177
123
185
499
573
359
255
256
358
209
318
382
47
235
521
135
216
511
313
584
40
594
487
568
54
148
481
283
203
431
540
531
271
308
287
133
526
63
328
80
64
363
198
381
272
264
7
260
117
138
515
393
405
549
496
592
83
529
504
150
560
517
275
340
551
484
237
241
482
402
410
33
174
292
48
144
282
384
552
530
519
204
137