702
856
629
1151
1018
789
664
678
662
869
1111
974
1039
762
913
1035
658
831
786
939
798
902
1162
1082
1146
921
944
909
1126
763
864
791
941
1001
1010
602
894
954
1079
900
712
776
896
849
983
1101
815
897
613
852
668
610
1136
706
850
984
722
774
957
996
666
980
1143
1063
701
645
1198
933
1006
1148
771
814
972
834
1034
736
851
985
799
707
734
1135
920
853
784
1127
991
1033
914
1192
600
680
1123
1003
796
1138
766
747
714
893
1147
775
1116
907
716
713
1056
780
674
906
1045
828
649
637
1040
1080
605
917
813
1110
1145
1100
723
679
816
861
1098
1114
811
925
742
1085
930
1184
1077
710
924
889
829
760
843
651
881
1062
715
619
833
874
1125
908
1025
657
758
770
1142
1095
934
646
989
878
604
880
1090
1032
1106
676
1005
698
946
1159
751
1097
911
1078
692
1081
994
1157
733
1131
682
746
617
1036
846
749
1066
1054
887
691
616
620
1161
1176
884
1122
767
1047
1050
961