1694
1791
1317
1405
1466
1619
1241
1488
1551
1505
1555
1337
1540
1453
1579
1256
1599
1794
1535
1399
1655
1604
1606
1301
1758
1227
1663
1584
1347
1491
1360
1385
1257
1270
1784
1208
1666
1397
1602
1293
1283
1641
1203
1757
1569
1691
1363
1374
1567
1462
1621
1412
1749
1431
1370
1319
1480
1632
1705
1614
1386
1271
1577
1393
1692
1726
1566
1254
1465
1503
1562
1773
1740
1484
1244
1682
1335
1622
1411
1243
1221
1474
1627
1744
1755
1298
1587
1620
1364
1261
1458
1346
1295
1489
1768
1445
1746
1578
1494
1202
1507
1508
1481
1556
1321
1217
1710
1730
1634
1377
1216
1772
1452
1648
1760
1351
1292
1550
1233
1728
1583
1767
1358
1605
1392
1684
1265
1530
1387
1281
1478
1513
1618
1630
1662
1594
1633
1734
1475
1205
1372
1383
1796
1738
1440
1354
1554
1674
1260
1534
1342
1647
1526
1430
1366
1611
1777
1486
1451
1382
1661
1269
1762
1218
1516
1395
1522
1459
1519
1524
1436
1771
1463
1560
1249
1401
1665
1527
1677
1741
1600
1521
1657
1683
1547
1327
1402
1235
1654
1511
1416
1455
1279
1312
1779
1457
1644
1309
1331
1506