1875
2249
1985
1904
1884
1805
2300
1975
2190
2384
2351
2114
2350
2086
2399
2101
2157
2192
1869
2304
1933
1899
1872
2230
1989
1917
2076
2107
1973
2082
2087
1932
2334
1913
2336
2158
2395
1896
1820
2012
2393
1857
1914
2198
2085
2362
1991
1860
1987
1819
2269
2016
1999
2311
2151
2375
2327
2150
2328
1815
2023
2095
2103
2071
2096
2194
2207
1926
2317
1972
1882
2231
1946
1894
1881
2320
1831
2382
1825
2333
1974
2391
1822
1877
1947
2217
2353
1927
2313
2387
2331
2376
1908
2197
2135
1948
2036
2169
2251
1812
2066
2029
2055
2125
2128
1841
2024
2053
2301
2102
2388
2035
1867
2189
1807
1851
1824
2270
2170
2343
1970
2167
2191
2108
2337
2254
1980
2070
2338
2360
2204
2006
1873
2246
2118
2383
1821
1866
1922
2292
2215
1952
1935
2019
2365
2119
1800
2247
1891
1969
1967
1890
2132
2137
2089
2274
2240
2297
2378
2060
1816
1889
1856
1925
2116
2067
2044
2032
2161
2072
1848
1964
1868
2208
2106
2130
2248
2346
1981
1846
1879
2368
2011
1859
1838
2018
1910
2237
1971
2244
1960
2120
2097
1968
2357
2322
2398
2038
2110
2245