3257
3530
3269
3595
3121
3180
3302
3202
3539
3301
3306
3210
3535
3138
3363
3406
3362
3080
3244
3431
3443
3020
3448
3176
3529
3184
3259
3285
3500
3187
3260
3424
3351
3418
3479
3154
3377
3108
3019
3298
3353
3208
3188
3451
3375
3388
3445
3025
3052
3371
3287
3177
3444
3253
3518
3367
3090
3563
3496
3044
3239
3062
3587
3106
3488
3456
3357
3416
3169
3559
3132
3142
3477
3484
3499
3156
3288
3008
3234
3585
3325
3476
3568
3350
3572
3573
3549
3213
3432
3198
3268
3395
3024
3381
3043
3408
3454
3113
3086
3458
3422
3243
3105
3328
3109
3485
3164
3282
3359
3119
3122
3597
3264
3590
3489
3175
3036
3118
3446
3124
3038
3508
3094
3168
3396
3289
3365
3229
3272
3284
3413
3261
3460
3291
3436
3115
3183
3321
3222
3410
3433
3465
3200
3335
3401
3236
3151
3029
3241
3561
3028
3439
3099
3171
3588
3000
3066
3172
3550
3459
3361
3541
3242
3425
3299
3286
3128
3294
3135
3405
3263
3271
3104
3255
3338
3227
3112
3085
3031
3330
3343
3265
3578
3069
3022
3491
3506
3290
3457
3337
3399
3035
3280
3057
3011
3470
3054
3061
3471
3013