2792
2647
2551
2941
2637
2704
2973
2795
2435
2897
2604
2665
2426
2758
2415
2515
2699
2779
2613
2427
2401
2555
2805
2692
2685
2465
2770
2609
2524
2488
2821
2818
2751
2412
2729
2405
2629
2959
2850
2965
2688
2733
2870
2581
2544
2487
2896
2787
2565
2617
2608
2767
2592
2858
2618
2719
2418
2703
2554
2799
2597
2689
2854
2914
2842
2611
2969
2903
2754
2568
2440
2901
2459
2650
2602
2803
2564
2633
2744
2457
2569
2823
2453
2752
2586
2801
2402
2483
2583
2710
2561
2480
2736
2416
2695
2869
2746
2977
2593
2558
2939
2931
2891
2599
2463
2927
2696
2725
2595
2404
2851
2808
2514
2619
2636
2911
2726
2624
2508
2780
2889
2464
2930
2839
2518
2512
2975
2924
2474
2922
2414
2684
2659
2893
2444
2442
2866
2724
2697
2706
2538
2763
2663
2781
2521
2645
2563
2630
2956
2806
2836
2722
2738
2549
2652
2503
2978
2747
2963
2505
2772
2536
2807
2712
2575
2837
2482
2476
2947
2441
2907
2937
2919
2430
2462
2452
2620
2830
2622