3918
3922
3851
3909
4021
4166
4151
3665
4013
3916
3629
3744
4042
4168
3844
3953
3699
3808
3649
3901
4137
3967
3913
4066
4128
4145
4073
3853
3878
3915
3813
3973
3971
4095
3765
3897
3794
3886
3606
3740
3725
4046
4037
4133
3778
4113
3664
3895
4174
3672
3690
3903
3614
3679
4091
3681
3985
4159
3926
3854
4121
3904
4149
4054
3743
3632
3990
3747
4003
3814
3630
3689
3864
3987
3603
3772
4020
4112
4026
3871
4187
3888
4196
3655
3801
3939
3981
3781
3832
3997
3862
4148
3684
4081
3950
3943
3910
4056
4099
3683
3751
3660
4172
3652
4064
3761
3929
4190
3857
3760
3824
4018
3757
3834
3800
4119
3992
4192
3823
4134
3874
3667
3653
3804
3616
3976
4078
3755
3942
4006
4124
3617
4138
4154
3788
3638
4085
3658
3846
4165
4083
3829
3941
3867
4082
3875
4011
4002
3666
3737
3820
3634
3960
3998
4194
4012
3732
3921
3777
3702
3716
3848
3979
3872
3961
4109
3955
3817
4010
4023
4024
3782
4039
3845
3712
3773
3877
3826
3882
3873
3977
4131
4084
3963
3736
3902
3654
3847
3807
3641
4156
3605
4153
3818
4195
4186
4008
4063
3842
4167