4528
4658
4519
4234
4785
4226
4610
4213
4490
4739
4687
4352
4569
4745
4289
4238
4654
4691
4443
4435
4446
4577
4296
4325
4540
4426
4242
4314
4448
4452
4708
4740
4583
4494
4741
4237
4388
4603
4636
4323
4555
4758
4671
4642
4430
4263
4341
4497
4442
4275
4561
4520
4719
4626
4570
4471
4215
4416
4638
4627
4517
4216
4635
4374
4685
4345
4282
4639
4622
4432
4317
4640
4736
4573
4251
4725
4417
4463
4205
4397
4734
4340
4690
4798
4465
4769
4380
4427
4650
4643
4365
4243
4445
4372
4790
4586
4421
4212
4384
4277
4386
4418
4489
4466
4300
4200
4549
4266
4737
4470
4777
4669
4319
4660
4760
4692
4588
4324
4743
4618
4223
4704
4609
4600
4304
4732
4335
4605
4451
4355
4592
4529
4632
4321
4786
4302
4413
4438
4726
4512
4459
4759
4606
4259
4201
4641
4742
4750
4292
4329
4254
4398
4578
4486
4670
4707
4415
4364
4767
4679
4667
4500
4350
4709
4535
4210
4483
4682
4530
4405
4481
4688
4491
4217
4249
4693
4464
4655
4794
4357
4211
4796
4362
4318
4628
4644
4552
4574
4239
4724
4347
4475
4597
4613
4473
4533
4566
4423
4250
4276