5144
5106
5229
5298
5334
5249
5304
5063
5009
5051
5366
4997
5170
5015
5226
5041
5398
4809
5260
5211
4912
4990
5048
4927
5189
5113
5090
5056
5213
5140
5355
4921
5018
4834
4915
5311
4886
4943
4972
4932
5190
5191
5344
5050
4991
5383
5162
5099
5085
5019
4978
4880
5235
5258
5120
5292
5036
5265
5122
5381
4954
5278
5044
4993
5293
5053
4890
5150
5016
5086
5133
5000
5356
4833
5267
4829
5262
5074
4965
5254
4985
5022
5331
4987
5342
5270
4837
4883
4845
5291
4935
5076
4818
4884
5392
5281
4992
5207
5373
5351
4907
5001
4976
4982
5245
5202
5143
4876
5110
5043
4952
4866
5390
5339
5038
4869
5093
4947
5224
5103
5237
5338
4856
5296
5087
4917
5259
5084
5397
5333
5257
5179
5187
5303
5182
5123
5242
5287
4897
5368
5071
5251
5363
4988
5136
5215
4981
5139
5047
5167
5266
5300
5343
5160
5380
5370
4953
5077
4930
5121
5317
4848
5165
5061
5197
4850
5329
5393
4846
5232
4910
4892
5353
4900
5128
5318
5188
4861
5034
5269
5310
5127
5307
5263
5196
5062
5271
5072
5080
5234
4823
5386
5194
4968
4904
5010
4875