5840
5937
5793
5865
5709
5408
5428
5649
5901
5601
5747
5654
5543
5670
5681
5757
5745
5995
5686
5664
5768
5976
5434
5758
5560
5609
5858
5809
5646
5776
5927
5868
5651
5860
5955
5871
5755
5486
5521
5890
5647
5701
5584
5501
5998
5677
5775
5556
5859
5869
5788
5823
5675
5987
5774
5863
5676
5981
5731
5787
5406
5531
5500
5751
5494
5979
5808
5905
5524
5622
5786
5761
5426
5441
5492
5645
5490
5478
5790
5817
5886
5470
5789
5801
5657
5476
5718
5643
5625
5746
5794
5436
5717
5528
5929
5514
5799
5974
5419
5866
5830
5678
5471
5971
5837
5831
5548
5423
5763
5689
5684
5446
5792
5443
5845
5680
5760
5703
5455
5884
5773
5766
5473
5841
5834
5880
5785
5464
5520
5842
5456
5445
5764
5712
5547
5579
5930
5729
5616
5603
5956
5581
5527
5922
5525
5663
5530
5772
5719
5877
5562
5707
5872
5568
5522
5481
5919
5511
5960
5624
5835
5591
5424
5812
5516
5573
5652
5623
5973
5544
5407
5641
5810
5658
5541
5882
5431
5996
5829
5881
5991
5727
5660
5574
5485
5856
5698
5838
5932
5687
5549
5978
5449
5509
5926
5833
5700
5480
5635
5491