6325
6595
6560
6542
6429
6070
6026
6501
6338
6154
6140
6494
6173
6019
6096
6016
6132
6244
6527
6002
6271
6276
6345
6383
6352
6201
6068
6468
6399
6504
6510
6230
6491
6554
6081
6473
6370
6138
6561
6058
6492
6521
6221
6248
6298
6435
6094
6426
6355
6193
6572
6120
6001
6490
6039
6301
6420
6191
6448
6596
6249
6324
6330
6286
6400
6260
6382
6269
6259
6444
6258
6404
6133
6285
6008
6447
6167
6147
6161
6392
6027
6511
6115
6178
6507
6270
6275
6029
6436
6471
6202
6553
6234
6453
6020
6003
6114
6514
6048
6354
6407
6166
6223
6373
6184
6525
6300
6024
6506
6443
6311
6032
6307
6464
6312
6388
6334
6456
6461
6366
6299
6245
6361
6255
6035
6177
6365
6539
6195
6012
6241
6519
6403
6583
6281
6589
6559
6238
6586
6489
6047
6564
6509
6079
6172
6211
6433
6164
6256
6229
6428
6074
6174
6322
6072
6317
6410
6159
6478
6181
6350
6121
6405
6386
6091
6457
6240
6326
6254
6421
6010
6335
6246
6469
6378
6210
6442
6486
6025
6517
6291
6005
6357
6069