6959
7114
7152
6892
7045
6727
6976
7120
6632
6824
6665
6682
7046
6978
6942
6995
6891
6818
7028
6602
6943
6716
6707
6831
6704
6813
7115
6753
7116
7133
6835
6801
7071
6646
6684
6652
6657
6853
6780
6686
7078
7122
6787
6845
6966
6809
6628
7091
6960
7107
6802
6887
7027
7105
7118
6654
6848
6725
6622
6629
7035
7181
6984
7086
7064
6939
6791
6790
7010
6816
7166
6858
6718
6697
7170
6741
6821
7016
6867
6820
6925
6625
6696
6917
6873
7112
6723
7001
6940
6810
7024
7135
7018
6907
6722
6914
7088
6603
7031
6886
6825
6691
6953
6663
6752
7189
6768
6950
6634
6955
6616
6878
7029
6640
7057
7017
6922
6770
6889
6793
7062
6672
6796
6804
6951
6658
6750
7199
7099
6926
7134
7080
7083
7077
6949
6653
6636
6612
6737
6993
6952
6964
7065
7171
6644
6749
6685
6888
6732
7022
6655
7111
6689
7102
7162
7000
6830
7125
7015
7149
6923
7072
6863
6997
6633
6608
6924
6650
6823
7026
7003
7103
6745
6965
7041
6918
6862
6617
6724
6620
6606
7042
6671
7061
6972
6826
7090
6962
6785
6613
6781
6711
7047
6832
7030
7197
6736
7106
6648
7038