8054
7823
7825
8308
8190
8079
8281
8107
7873
8155
8272
7970
7950
7905
7934
7880
8201
7845
7910
7852
8320
8246
7886
8271
8069
8026
8239
8241
8063
8373
8247
8334
8075
8120
7866
8226
7817
8341
7829
7912
8152
8156
7830
7928
7827
8015
8053
7869
7991
7855
8098
8176
7926
8383
8153
8321
8180
7946
8313
8204
7957
8221
7931
8330
8167
8057
7831
7907
8202
8387
7990
8359
7966
8290
8139
8111
8089
8280
7975
7948
8227
8319
8294
8397
8076
7822
8016
7820
8268
8125
8073
8389
7932
7977
7937
8337
7903
8046
8324
8340
7805
8333
8390
8339
8085
7984
8011
7842
8301
8002
7933
8131
7974
7801
8172
8136
8191
8345
8109
7840
8187
7824
8322
8013
8083
8331
7962
8205
8044
7843
8071
7832
8097
8223
8216
8010
7859
7848
8119
8093
8048
8327
8078
7971
8265
8193
8231
7884
7952
8114
8174
7819
8175
8357
8182
8276
8084
8028
8112
7955
7899
7919
8060
8233
8254
8251
8273
8090
8162
7978
8094
7944
8263
8117
8365
8338
7870
8348
8021
8391
8314
8091
7809
8020
8012
8129
7812
8220
8050
8158
8001
7943
8004
8003
7835
8133
8056
8161
7893
7891