8602
8995
8492
8432
8582
8523
8561
8574
8986
8691
8549
8635
8615
8478
8866
8579
8479
8899
8713
8802
8570
8976
8742
8838
8960
8902
8672
8706
8897
8546
8743
8904
8895
8488
8434
8850
8762
8647
8982
8471
8578
8415
8938
8503
8941
8441
8675
8937
8959
8772
8748
8704
8576
8877
8989
8541
8657
8696
8464
8729
8670
8460
8643
8807
8677
8668
8565
8451
8794
8513
8431
8499
8750
8723
8890
8466
8992
8655
8547
8594
8470
8428
8922
8557
8457
8979
8948
8827
8524
8883
8839
8473
8719
8880
8545
8494
8865
8910
8837
8798
8581
8586
8849
8764
8626
8791
8745
8420
8835
8518
8834
8426
8851
8482
8710
8984
8964
8790
8738
8871
8469
8749
8924
8501
8970
8490
8885
8961
8422
8965
8633
8981
8754
8695
8842
8898
8531
8571
8861
8811
8544
8761
8734
8832
8484
8972
8406
8597
8730
8906
8873
8955
8929
8401
8539
8408
8800
8983
8841
8575
8968
8629
8819
8911
8917
8954
8505
8421
8813
8618
8676
8782
8514
8815
8845
8821
8912
8760
8940
8786
8641
8556
8869
8661
8483
8942
8705
8511
8901
8540
8497
8577
8768
8666
8551
8862
8990
8918
8725