9095
9586
9459
9041
9258
9515
9328
9010
9304
9516
9044
9113
9209
9077
9052
9230
9022
9540
9118
9276
9445
9398
9220
9494
9191
9303
9088
9406
9158
9275
9401
9505
9554
9094
9162
9042
9128
9144
9256
9471
9539
9348
9374
9404
9212
9346
9433
9076
9481
9345
9290
9451
9110
9486
9403
9320
9595
9107
9396
9205
9424
9170
9442
9228
9411
9195
9504
9167
9526
9455
9020
9298
9190
9408
9565
9154
9149
9321
9148
9037
9182
9393
9474
9443
9470
9365
9252
9169
9450
9156
9557
9536
9564
9386
9579
9584
9352
9117
9028
9590
9509
9388
9353
9198
9138
9075
9015
9264
9150
9050
9292
9245
9027
9187
9083
9282
9363
9518
9164
9039
9475
9278
9008
9295
9355
9499
9441
9397
9233
9199
9024
9414
9387
9391
9380
9585
9528
9520
9177
9576
9480
9538
9563
9200
9268
9555
9373
9232
9134
9180
9122
9219
9197
9086
9115
9186
9350
9085
9106
9457
9530
9183
9124
9435
9483
9395
9142
9222
9324
9553
9101
9419
9495
9489
9477
9532
9370
9310
9316
9430
9412
9541
9512
9017
9485
9007
9058
9364
9444
9239
9523
9325
9152
9382
9218
9069
9340
9289
9125
9029