10126
9875
10020
10165
10151
9603
9653
9861
9740
10185
9788
10187
9821
10030
10150
9612
10028
9830
9925
10064
9934
9869
9918
9835
9991
9637
9873
9837
9860
10123
9753
9936
9949
9677
10019
10089
9662
10074
9765
9694
10022
9862
9898
9610
9652
10169
9916
10127
10038
9779
9839
9880
9820
10174
9946
9905
9801
9814
9822
10085
9945
9924
9815
9725
9935
10047
9675
9727
9710
9767
9646
9866
9735
9705
10083
9649
9757
9661
9803
10101
9943
9858
9781
9961
10009
9845
10012
9939
9863
10146
10105
9619
10099
9926
9903
9733
10177
9695
9792
9813
9992
9987
9951
9890
10011
10040
9607
9684
9696
9763
9888
10167
9663
9960
9944
9712
9716
9885
10026
10104
9621
10114
9968
9965
9887
9986
10082
9704
10192
9826
9780
9636
9669
9809
10108
10120
9976
9773
9795
9609
9711
9728
10100
10143
10044
9871
10121
10013
9877
10199
10137
9932
9868
9886
9940
10141
10096
9700
9843
9642
9771
9676
9929
9948
9723
9775
9947
9981
10039
10054
10166
9628
10152
9731
10034
9707
9955
9827
10135
10156
10139
9686
10168
9904
9802
10037
9634
9794
10056
10016
9746
10183
9650
10178
9667
9672
9836
9881
9854
9726