10217
10543
10288
10218
10305
10598
10720
10675
10767
10783
10274
10754
10381
10592
10353
10763
10590
10344
10782
10267
10229
10494
10481
10359
10799
10656
10596
10221
10557
10695
10565
10400
10710
10548
10538
10795
10312
10715
10277
10402
10446
10724
10461
10394
10554
10587
10483
10329
10303
10796
10776
10704
10787
10222
10399
10319
10773
10521
10327
10774
10619
10368
10419
10706
10705
10306
10235
10362
10376
10657
10579
10498
10652
10567
10790
10707
10793
10361
10746
10733
10343
10413
10739
10751
10307
10317
10654
10556
10357
10506
10444
10662
10225
10347
10690
10278
10542
10324
10663
10460
10490
10474
10488
10220
10551
10322
10231
10628
10391
10577
10304
10435
10574
10234
10607
10508
10279
10377
10455
10635
10572
10416
10600
10563
10749
10688
10286
10612
10246
10454
10738
10458
10672
10668
10761
10627
10561
10621
10457
10418
10717
10425
10348
10536
10575
10253
10734
10727
10617
10241
10433
10215
10640
10757
10482
10338
10533
10650
10649
10206
10771
10611
10781
10429
10428
10499
10219
10350
10212
10699
10646
10445
10258
10770
10466
10239
10291
10262
10785
10665
10723
10585
10287
10501
10209
10201
10593
10330
10784
10515
10655
10636
10529
10588