4208
2774
10442
5002
2831
4616
7850
3959
6454
1752
8300
2557
7183
4871
5028
8323
5100
4349
9570
8208
446
7491
5324
3583
2972
4068
2178
3098
5696
964
5796
5800
5694
9407
10175
2817
10094
2498
10002
2562
5286
5301
4564
5126
10791
3983
1178
2541
7127
5867
5109
4290
1225
9193
7911
5631
8183
6970
3360
5526
8593
3538
9962
9842
8437
835
1957
4160
2092
10320
8206
9178
10714
2543
2061
9988
9812
3505
6467
1144
6662
9014
8347
3898
4369
7983
6668
6450
6475
6703
3780
5219
9632
1501
3661
5888
9967
118
6842
10052
7306
9337
9247
7644
5977
380
2473
261
7916
1394
2570
8533
6987
581
1026
4487
9823
7837
7287
10310
9996
5697
7053
7067
5931
9907
1966
7460
3002
2009
6076
9736
1900
10629
1130
6441
5376
965
2731
7004
7844
10075
9577
2674
6487
3954
5896
1515
3527
2020
5720
9818
2764
2091
3933
8126
158
8042
7521
10647
10048
801
8157
1378
1903
5615
8364
6103
1326
4431
10228
9045
3759
8228
3376
9828
9963
7208
10559
2670
3607
7505
4948
1390
3608
3560
5816
4230
1307
2548
3685
9521
9153
3324
9605
2932
1132
7847
168
4629
8621
10110
4436
352
683
3084
6250
4630
10439
4502
8662
5156
9793
8171
5440
6100
726
6789
8603
8587
5715
10622
10396
6840
938
6548
5743
4697
2944
8894
5409
6169
10489
5804
10753
7132
7480
4560
4509
2606
3205
9776
7777
7922
7527
7140
5361
7402
8350
7620
8213
7384
6690
3228
6996
6578
3095
7456
9267
10309
1014
46
2819
7406
3007
735
7355
8516
756
6715
2211
5839
7676
6004
4581
2881
8110
7273
4894
3340
1709
2134
3411
2454
2784
7007
9002
5916
3532
6499
1266
9119
1664
5448
3487
2603
5942
2348
6143
6844
9973
161
7219
10412
3622
589
3651
959
1676
7075
4375
309
10025
3417
5058
4283
2361
6416
5118
2185
5459
1316
8070
9810
8274
2550
1468
9876
5362
2880
348
4295
6607
10084
1687
8756
6856
7155
296
4792
8722
5843
4782
5483
3440
397
4387
728
5256
3774
4232
9698
7881
3931
3798
7034
2853
3810
2312
4383
9425
10528
6961
7271
6458
1019
9752
9111
2943
6219
1154
4757
7468
6944
5033
10484
9666
419
236
3193
2364
10060
819
9362
681
10364
7732
6328
9447
6769
3463
4096
4773
9281
6855
10314
9383
8609
9434
18
10088
79
10036
6113
3731
9089
9116
9870
10709
2159
4705
3293
1858
1817
1862
9567
3146
2654
8424
888
4104
10614
1310
4859
7871
3403
4311
6071
689
5388
31
10510
3379
5542
347
10605
6309
9688
3972
7877
2280
3412
2577
2168
6836
4400
8517
14
3426
2490
10691
2439
1051
4970
7647
1557
4468
2526
4879
8538
2152
935
2802
10378
10098
7736
290
10297
3624
4367
353
8023
10090
8352
10349
1512
5644
9137
1158
9135
2847
7763
9478
7143
10091
4565
9884
5928
1570
3143
8461
5713
1087
10321
6748
6348
401
4847
2502
8844
9791
2953
7485
4888
6261
2358
7093
4941
5692
6303
4696
841
8692
72
4625
8403
10233
5111
2027
1425
1689
6846
9223
223
4410
962
3861
3724
4956
3149
1209
717
10678
2002
4316
1847
7592
4601
3648
369
10486
2537
8080
2284
7599
7054
10768
5559
4659
7535
7693
1373
5598
10468
5883
8310
7130
7539
8939
22
10788
10659
7760
6418
9760
10475
8916
7773
2316
2923
6797
8628
1380
2811
2437
5029
4207
5454
442
8512
3868
703
2356
10518
2028
5907
1118
7728
1
5737
10176
10507
3729
5305
595
7173
10257
5177
6057
3795
1993
4253
1196
4175
9673
8444
2149
4604
1502
7084
1170
4455
6009
1776
3525
3533
4931
9782
10476
1119
7124
982
10301
7813
8315
7964
7547
6430
2968
9668
10345
2283
3233
5620
1194
822
5640
5057
9995
7756
9531
9055
7019
2506
6128
4173
2340
3771
2469
1237
1246
7146
675
5506
1747
642
1277
6497
9210
769
5116
628
2783
2833
8245
6459
1013
10639
9306
2287
1403
9980
6747
858
2417
4181
4273
9941
4582
9580
143
6512
6011
8915
2895
10729
781
9254
3828
6805
9421
9402
9490
8270
1407
10294
4339
916
3278
1543
10189
5108
451
9335
5416
344
3640
10367
9790
3305
9912
1344
8697
8840
1931
5372
2243
2822
2299
752
6055
5389
2203
3912
5517
7865
4424
824
1449
10145
1561
1276
3519
111
3453
3125
2859
506
9764
3033
3303
8805
9660
151
7391
2025
10437
10674
3900
5442
6533
5507
9834
4631
10505
5295
4088
7330
8863
1359
3687
6516
2920
9025
4508
9203
173
2676
577
9759
9105
2450
1371
1678
7315
6683
8853
2268
7554
3497
9755
527
5335
3596
8269
1304
1287
30
9994
4394
280
7136
4787
181
126
9021
9920
1061
8741
8283
6967
7251
7238
8278
3827
1911
250
9777
3927
686
5208
2154
7051
7478
4527
5561
10072
406
2363
4044
7256
8526
7179
6134
4905
9221
4385
3041
1789
9300
6247
9692
8207
8419
1454
7629
438
5348
4761
3569
8572
9000
8542
3391
6639
6784
3790
6141
8259
4826
8640
9683
428
3562
7892
1290
9314
8751
1907
6236
10597
128
5862
3514
7508
4684
6156
6377
7260
8698
7887
1027
2310
2062
5915
7056
8536
9351
4951
721
6977
2122
1248
1038
5469
3806
3267
4278
4942
929
1223
1631
2668
6910
172
10602
5272
8552
9349
2225
757
8500
3392
5575
10179
2479
7241
2979
6215
1020
4179
7049
9160
4233
6526
9053
6061
1325
319
2531
9952
2849
3524
3449
7021
7992
8413
3831
8740
7625
2261
6046
3547
7209
9357
5583
24
8264
2661
3673
8179
10252
1408
1129
7187
3548
8506
7415
6673
3917
2377
5209
1482
812
3078
10140
8777
2138
4007
10164
5405
4308
4615
4546
6438
5655
1121
10355
1573
9060
3766
10148
7838
3097
1697
9399
606
8384
3478
1707
808
8396
3313
6198
3027
3231
7410
7748
7263
486
4396
8717
9308
6930
9786
4920
6329
9299
9690
2520
842
1273
863
6030
9807
10007
10132
6149
2005
8392
7282
2257
5444
4706
3944
1733
6933
1247
9492
3252
4525
6305
5550
1874
5535
6994
4700
9559
6765
2165
973
10417
7690
8116
1878
5769
8027
3191
6320
8731
9068
3635
8649
8394
10173
3637
5186
8712
2058
3509
8236
3050
10552
5592
6764
5149
8642
5580
9503
7695
4025
7636
4893
4478
6739
4461
1830
10531
6870
8604
2073
6627
10712
3021
4199
8115
5026
667
2166
6710
10276
2258
1483
9657
7743
7771
9892
7259
5088
1450
768
3752
4406
3046
9208
3899
8814
988
9378
8569
10582
2408
4715
116
3368
7818
6460
7386
901
6515
4334
371
8177
8596
9953
3339
4222
8257
279
6767
6106
6947
6041
2123
4028
10692
2584
886
2425
5683
7177
9811
4454
2406
1009
6282
6412
10721
8932
9422
7874
3799
2253
5395
9497
10254
3727
356
8194
7360
2918
5569
9006
2753
4399
420
8664
10010
8973
5576
520
4014
1863
3642
4806
5465
7930
10667
7310
8530
2051
5980
3521
3482
6647
7867
1300
7968
3579
3601
1420
3326
4754
2957
7104
3442
4718
10116
9744
4507
4403
10541
4889
2794
5699
5968
6183
10578
1783
2223
7526
6033
2183
2302
9336
7451
2380
3010
8296
244
2037
10527
5417
9748
8947
9750
44
1139
7733
1022
7938
7951
2447
8721
1426
9390
1582
9768
4076
8309
2291
8055
4107
386
1685
129
6296
4422
3045
9972
10603
8154
3536
9581
29
9507
9176
7808
5402
3816
1332
1461
8707
5950
5035
6235
6630
555
4686
9524
1729
9737
6660
7692
1016
3469
5319
4074
9413
3434
9271
2757
1267
5425
6920
1182
5241
370
6800
2658
9003
8279
3421
1712
3296
145
977
3975
2126
9969
2707
66
8627
6505
1165
7622
514
8789
1941
1613
8946
2112
7575
7308
1322
7879
8610
10131
8914
7392
7996
7363
5098
89
6814
2768
8395
10208
4229
9084
7781
10500
3441
1742
4135
738
2519
5537
5765
7724
1704
3650
1809
10015
6414
2716
5899
6474
7546
9971
1320
6615
1437
4126
8508
6681
5352
9501
4614
3604
4144
3891
624
5415
5142
1840
821
8846
7339
6449
5582
3329
2008
3224
7123
4828
6919
8632
8261
7070
9909
115
9201
2040
6083
3938
968
6537
8354
8102
1324
8312
5252
10188
6721
1754
432
10200
3089
5042
9738
4526
8381
3893
9099
388
5605
7998
2228
8776
1421
1651
9297
1302
10397
2855
9899
2559
2385
6358
9103
427
4050
1828
7180
1718
9217
9047
4106
1108
10423
5059
2232
6618
2084
970
7465
5216
2133
1839
596
8653
9224
355
3389
1797
1230
8291
4913
10786
8550
4523
3297
4152
5032
3049
7129
1153
7674
639
5467
10308
5401
1919
7036
10427
7265
1102
3896
10268
1916
10097
8453
2139
1871
558
4361
5984
2007
9743
9250
336
5236
7511
2929
5853
7342
350
7882
5597
2675
2202
1563
74
960
3129
9315
3796
7637
3526
6522
9739
2610
8843
8966
2485
4305
4055
5529
694
7014
2737
4359
9893
971
5876
3741
5994
7338
6645
240
5512
6847
3217
6541
1213
9838
0
6336
4701
7501
8465
7642
7368
4580
1352
10604
5662
3949
6085
6893
5105
10522
9019
5325
3342
4505
7574
8775
579
3145
5708
7738
1965
3157
4338
8304
9665
4164
4141
1057
6095
7579
2136
4031
365
1979
1149
1181
918
6257
8033
9855
2723
8693
3309
8736
10471
7322
8612
10112
7085
6401
4779
9647
8923
4142
6496
5360
9161
6050
9206
5466
512
6777
1409
7800
3609
9832
1199
9859
7405
10190
3784
1921
4676
6882
9974
7207
4298
1424
8896
9202
1224
2389
6788
8875
5959
2705
5096
5421
2883
966
5178
1759
1628
4865
6656
3659
6605
3767
1923
2732
10245
19
4267
2163
8137
4306
622
7119
4722
2739
1963
1072
9415
5617
2507
8680
3551
9511
4343
10045
8682
9371
1940
5192
3333
2812
826
1804
6287
9343
2590
8560
1384
9423
1333
8145
5482
8399
7325
6794
9857
3696
10138
625
6528
5382
10172
6916
3258
8683
2646
5935
2277
5452
6376
10180
4202
10374
5461
10415
7425
4791
1564
10778
4864
4939
937
8997
1798
2239
3354
3839
817
5970
9432
7449
6212
10384
1788
5608
1810
10035
7528
8994
7993
4772
5741
2390
4260
8118
4617
6397
7401
732
2022
4548
6877
10369
5439
6680
6536
10062
2319
7319
2367
9165
9544
2221
9656
10748
7914
3803
9143
10182
6273
9691
9479
3511
3079
3504
7924
5552
6540
141
243
9240
6550
948
9344
3323
5403
9784
2090
4178
5861
2686
6171
10358
9146
1263
321
4516
8799
5566
8332
2131
3492
3091
5805
5966
2782
8368
8585
6310
5852
5832
7593
4299
5152
8510
7441
5894
1509
8858
8486
10342
7640
648
6614
3370
10735
258
6225
3753
3557
3809
9534
10702
6963
10360
5148
1250
6053
10470
5596
5225
462
5067
1906
7958
1612
6738
1998
1456
3055
4409
1652
7902
3970
9018
542
3173
5999
1928
3662
2809
7889
4097
953
9872
247
5023
4922
6771
1285
9172
53
827
6588
10365
8927
2104
3428
4476
3870
5066
7159
4926
5589
4342
5462
9280
9035
6465
4857
5892
4744
7661
196
4439
9715
9389
6865
10004
8140
9625
1909
3437
5953
6090
3364
4656
7538
2436
7203
8256
2220
2713
1053
699
10115
7965
5554
10726
6902
1065
3811
7649
407
6485
695
5247
9269
1171
9465
392
6874
7720
958
2003
4802
4532
830
5889
1000
3352
2315
7729
6730
4057
1843
7232
9833
1212
950
10479
9207
6600
6864
10648
537
10284
391
1995
8971
6851
4971
122
10497
10092
6107
4983
8343
10046
9640
10731
4271
9461
8532
7976
9049
3885
3120
5306
5902
9082
3682
10618
6792
263
9982
4781
8522
1581
7025
10298
8430
9488
8186
800
720
2329
1640
1953
3203
7438
4587
3523
2335
5183
9211
8999
10520
6619
9525
6227
7087
8113
7359
7466
7192
9783
2785
7651
6445
10516
2672
8062
146
1329
3053
2694
7939
3336
597
1595
2057
1315
4945
422
2600
7333
8903
3127
3852
1439
10570
3065
9429
7094
4788
9487
7328
1404
4291
4545
2890
4105
8219
9796
9463
4209
8595
9375
4103
5733
6969
4986
4381
4472
10051
10571
3930
737
443
5634
6363
458
8688
5222
6545
9081
3715
5391
7684
10766
3534
5912
3697
4797
1362
2887
3735
10158
1496
5302
5049
879
4666
2525
8714
3404
6567
9496
468
9864
4344
704
778
465
1381
55
2031
2834
8082
4111
764
1787
8211
4780
5674
7883
2509
8783
5114
9785
3068
10586
10157
2680
3056
4312
956
3791
9102
3123
3923
10063
5341
142
10289
6028
9098
5384
3430
9664
8554
6927
7194
10580
6023
10211
8000
8130
3802
1215
8081
1398
1255
7230
5590
10354
8005
6129
452
2961
10390
565
5024
7582
6675
6402
8049
5223
10545
3383
9379
3988
1586
6700
10380
5217
2788
3965
6990
8095
4080
670
1835
1120
3934
9659
3734
7113
4330
3639
9596
8458
10073
3750
4547
7157
1092
8601
6293
10155
995
201
1837
6098
744
1311
5064
6237
9613
3721
7673
4863
3591
277
9635
5811
7295
6591
1725
3051
3856
7959
9171
6371
322
3748
10000
87
5336
4488
4297
4634
9919
3892
823
4022
9630
9851
7074
3510
9849
10532
5639
6651
7561
7613
4061
2145
76
652
6341
6119
4960
3671
3250
2420
3932
875
1671
10737
5946
253
7032
2553
6483
4602
2273
899
4814
9157
7009
81
4100
6552
7750
6394
3646
5346
2873
6929
8757
450
1673
2052
8178
8366
2980
7596
453
5070
6224
4783
7758
1423
10613
6343
1708
2318
951
5762
10119
5725
804
1041
755
3866
2
1937
4373
7634
2188
5091
5012
709
3571
10333
10068
4672
9033
2634
8398
9327
5472
7281
10195
8404
303
5427
8833
7381
5007
205
7013
739
3619
5176
6186
3704
6163
8583
1520
4116
9311
6948
1786
5277
2455
4877
3928
10240
3836
8277
1167
4817
1252
6389
9910
8379
6772
5328
2810
1724
433
7604
4401
2828
3162
4366
4496
3739
157
1464
107
7262
8142
7037
1251
8376
9038
1938
1549
2475
2448
3999
473
6262
231
9942
8307
4049
5046
7897
1150
5648
1803
1174
7055
9356
2910
6379
3503
7876
6534
4822
259
8663
10058
4714
8708
7253
4733
5943
9937
4052
9804
9235
1179
9588
8173
7936
7828
7098
3384
3059
10465
4171
6075
10696
9347
8555
837
8689
1197
5951
634
5195
2682
7802
4492
615
10386
4651
2438
1204
2607
10780
324
4944
6304
4262
1544
9166
1646
1660
6909
5578
7689
9213
7450
6102
8928
2761
3245
3543
3602
3947
9671
2229
245
10660
8645
4060
2449
999
3273
7082
10752
3714
10568
2942
522
3312
7839
1427
9243
7142
3821
3197
5923
6531
7334
2043
8197
9923
8149
975
7846
5134
8654
9513
5069
5230
6868
10601
10265
870
248
5545
9552
8553
8622
5003
2411
7861
10686
7280
9900
7163
10059
4825
8515
2349
326
4313
3792
2129
5350
5777
2864
3835
1538
5323
6822
6439
9040
790
4624
586
7555
1112
8250
608
3387
6214
7762
2945
4946
10352
7240
6451
5220
6367
2098
10292
218
6861
3087
10718
9575
5619
374
7326
936
4351
10633
1028
1236
2079
9262
1930
9229
3674
6125
7254
2224
6843
4694
3474
2804
7986
1069
2467
5722
8679
3349
7929
2843
9569
38
9682
2721
297
4727
1514
536
60
8711
27
10509
7885
6597
2205
7487
1637
6899
4713
4967
6688
6838
8978
5577
8218
4778
1350
2640
10006
2374
1897
4346
3730
7755
5636
1024
6313
5706
8215
7486
1722
7462
9911
8828
333
5669
8438
7581
26
3316
9323
4130
5020
4474
8222
9977
9756
505
3214
9246
6500
7643
7073
8804
5097
9051
9194
7920
5791
836
1525
8600
8718
1414
5969
8588
8559
4860
8455
8988
8591
955
5911
1870
8360
10204
3372
10181
10487
10537
1763
3668
4286
4568
5964
2451
6220
1140
6190
2546
6
566
3077
7174
4256
1680
1259
2400
113
6308
7740
6084
6452
4333
8930
9754
3805
5014
2578
7121
4925
4177
8860
5489
10031
302
9112
5081
2745
4089
631
8072
6126
8032
2635
5484
1017
5173
3292
928
5807
10122
3663
4836
6983
5153
4929
8034
7972
5611
1338
8068
4579
9954
10504
10128
4637
8411
4567
3034
9853
6018
1670
6251
10625
9332
274
7147
1117
9226
9285
6806
8781
5690
1201
2307
7247
9681
10260
5844
7223
1638
8919
3212
440
10792
3879
4228
4157
8507
1529
8105
9242
1447
7150
1532
6477
5874
3565
5475
6936
7853
1876
2829
3589
3012
1945
10248
9719
9132
6078
4411
7917
7489
10669
1442
9678
4404
2950
9427
3984
4698
5945
7796
6264
7811
9571
1177
8374
2598
6762
10041
4038
516
3863
6549
1698
2938
8702
9293
8185
9448
9999
8442
5337
9766
10161
5782
367
650
9769
9979
6585
10440
919
6547
5429
7898
2594
8793
1060
9806
5379
4017
1348
6092
9787
10275
9718
4591
3378
5900
6082
9057
2913
373
1419
7233
8758
9550
773
4646
6956
7747
10431
4227
10153
7513
4460
5504
6446
2862
9032
127
9140
9368
3133
5600
8624
5163
2666
4045
8367
4047
2236
1994
5555
4115
10247
7101
5158
2582
2791
782
2679
5135
3016
2701
7710
7913
8658
8377
2540
8527
5518
2491
2303
7858
1920
10620
9758
7949
2392
7108
10014
4441
3186
7434
753
7639
6980
10502
8410
9061
3951
4623
10272
8163
1328
8074
2902
9096
2156
10546
1232
411
903
10569
1323
9608
8100
8014
9798
5172
10683
556
7245
898
1716
9251
2926
8436
10687
3026
8252
7742
5161
5734
1195
2499
4241
754
9654
435
10583
10641
6059
4862
2899
10227
5094
9622
3657
802
576
7935
2298
1853
5463
2741
3738
9449
6693
9551
9087
6437
1939
1976
8620
6022
669
557
5630
4336
8699
2655
4675
2162
2933
9639
684
4079
6158
8165
2951
8678
7577
8234
10385
9074
1782
2529
4498
7229
1055
4264
640
4621
7277
1642
990
3237
3746
5451
10299
316
2148
4924
10422
2865
8435
7043
5738
6031
9440
3438
7791
2099
6885
2209
3225
1934
2678
3576
6698
2309
9587
9097
1568
2621
1951
1693
1943
2615
6740
68
5820
2700
1827
2572
8746
2936
4963
5289
8416
3483
8184
9453
3480
3464
5887
8784
1349
10511
6518
8785
8467
2410
5962
9216
225
8644
2433
2882
10410
5878
4245
6327
9482
9674
1369
8476
7857
4036
8724
1700
9734
3102
5276
2121
528
449
9331
9724
7154
10732
3935
4117
550
6989
8956
7452
1885
807
9558
10631
4053
1278
7231
2743
3713
7239
5650
10424
7908
5629
4108
3969
9294
4193
8096
9114
759
5628
61
4849
3420
179
5493
8045
4065
4612
1986
3037
7909
8568
10107
6880
1303
3890
7766
653
9079
59
2153
7737
3014
7606
3698
6852
6529
301
697
6635
10632
5040
1189
9302
855
3385
10398
1021
1012
9312
5495
2832
6871
4252
8933
4456
840
5824
5599
1681
7956
1982
10576
6292
10671
4356
6243
7533
3996
7347
4738
5822
10261
5621
6811
6812
6319
8854
7479
3341
8931
448
310
6150
2846
8639
7746
430
1748
7474
3775
9405
5248
4139
7411
6344
2820
3966
6077
4376
6859
1011
6998
8727
7161
904
1667
5618
5778
8077
7198
6148
6425
1574
214
2762
9307
3937
859
9265
1180
7126
6207
285
1058
5693
4885
9338
2064
3793
8830
4067
9270
6975
1924
949
10513
6199
587
1795
9410
6152
2075
6872
2962
7616
10366
8870
5933
1068
10213
5244
6192
9600
5054
6415
104
2413
10535
10328
1696
5672
10553
1737
5488
2824
6555
10102
1410
696
5604
5413
1902
9151
8558
3144
10273
3209
9825
3978
3461
1357
3678
1299
4510
10676
10008
567
9713
7044
6598
10216
3
5784
3390
9189
5332
2815
4434
4332
7851
3693
538
5075
9985
6883
1441
3887
6979
9249
2814
7540
2196
232
8298
2560
4843
772
4793
7806
3763
9428
10346
5005
9372
5025
9438
124
9703
4236
5253
8905
5827
10196
6040
5017
5779
9847
7351
2394
5308
4218
1645
291
5508
167
4225
491
215
3680
4327
5593
4303
10285
4029
7186
9417
8342
4221
2255
6375
6706
4668
7365
306
3768
289
8087
3513
7551
9956
13
7901
6669
8244
2628
9416
621
2366
4695
4974
635
4841
7979
9709
7472
25
10144
9376
7379
1552
194
3812
5546
4928
147
1064
3248
7726
2264
9508
10079
614
3230
6751
4831
4450
8857
1231
3199
1367
10517
8967
5536
3980
4795
9840
9702
4903
8439
6374
2974
2967
7458
2921
9385
4585
9059
8148
10700
6117
8260
8242
6712
7583
4353
7153
8217
7375
1829
3167
4182
10133
4711
3218
9456
6253
6197
8859
10259
4035
7117
3386
2715
6424
10266
1173
10103
5898
1388
2627
4503
9633
1435
8836
10323
9329
10743
9800
7301
4589
10184
8224
1949
9454
6007
4721
7612
9354
2347
2648
10393
10626
176
1499
6347
43
6641
97
6054
10789
1031
11
4328
4590
5359
931
6157
9491
1739
108
7076
7454
2976
9062
7650
4019
10716
750
1418
2657
7525
7497
6226
3946
687
6384
1274
5864
912
8189
4608
7988
8022
3656
1166
5284
2142
3733
6419
8637
8944
724
2888
7300
10478
6131
5728
8665
8519
5433
10282
1107
1790
1336
2838
2164
3675
1629
4916
4102
6968
9318
6890
810
2470
3048
8288
3201
6267
1368
3850
6568
3327
7792
7518
7719
2233
4969
8611
4572
8065
2033
1049
10210
7512
1799
9645
3254
368
4265
10018
2259
5847
1500
8701
184
8295
979
4539
3165
9184
3490
1593
6819
2014
1433
6279
1046
9016
8146
36
9975
5364
6036
3546
6610
4030
2662
10503
3720
6413
7706
10337
3584
6038
3295
7362
8474
1591
6530
288
1356
2428
6743
7210
8650
2308
7069
654
2321
632
10021
2714
7967
6408
8893
5534
7151
9126
8418
1626
4090
743
2616
2720
6353
4070
10526
10080
1883
6744
7176
9883
8289
4482
7500
6807
1690
9774
4176
3060
6971
5159
8686
1096
2845
5586
7601
8900
9930
5913
7942
6153
10332
9064
1471
3219
10756
3152
9556
8318
655
7553
6901
3598
2141
10325
3235
4368
8235
2748
4522
7896
2601
354
1238
7594
9623
7089
6110
3613
5321
8726
6624
569
3644
7960
2513
400
7218
1589
8122
5870
7816
873
9469
4504
1517
7433
7249
1099
9473
5060
5948
298
88
4657
7618
1091
7393
9720
7356
8429
7110
5557
3281
5079
6283
10202
7293
8520
5164
1892
114
5218
6694
9848
3723
9901
5732
5944
2093
7961
523
8562
10624
4379
5797
9384
9624
2143
4717
345
8386
2532
242
1469
10249
6866
3192
3009
1479
6937
3190
8092
10615
1918
8810
7900
6938
10760
9174
8036
6778
7797
4764
8779
10395
9273
7286
10666
190
8771
5180
1282
2958
5564
6231
4429
10388
10519
5279
8038
8525
2352
838
1497
6277
2458
413
6189
8945
10316
6932
10408
4562
1769
281
4559
4842
4449
6362
3495
1007
4393
9714
3071
2048
3005
6935
10250
1854
4246
9030
10043
8031
10407
10679
3493
4551
5563
8752
5243
1811
7803
5957
7626
2472
5320
8135
1104
8382
9141
9301
4653
3032
2041
3621
5369
7700
4950
8238
8481
4728
1207
3397
5836
9263
3216
9573
6440
10420
3615
2056
6677
6252
9599
5078
8797
3475
5474
5052
2709
493
2214
10
1044
474
4072
6060
2501
9529
7257
217
1793
3556
6687
1571
623
5667
9729
10549
4746
1037
2952
9136
4087
5885
10637
4712
4683
8009
4425
8855
9641
5039
10797
8584
9614
10523
9130
6349
3427
10232
8035
9602
8788
1168
7698
10334
3883
3139
3962
1495
3705
6584
6222
6064
10411
6827
8592
10129
10630
6828
524
8169
6130
9620
3626
6295
8008
4996
67
3553
2612
8623
905
5851
327
10459
547
7510
10160
9472
543
10067
6105
2059
3884
7630
8765
1895
2446
8210
1616
5125
1765
7997
3717
4293
761
1962
8949
4620
7190
4143
10076
1785
8563
2486
3647
5141
4899
9409
37
6482
1286
10251
5815
8311
3277
7314
9131
9749
7378
10740
3843
1443
1545
10270
3797
718
7453
6879
1714
7023
4648
4395
1801
4315
590
2955
9732
9330
9484
7081
10281
8316
4240
4619
8598
8123
10544
1128
4964
39
3170
7723
8848
2047
4147
4901
626
6170
9549
2912
293
10713
3841
5021
1905
1753
5104
2216
8472
5083
10634
8489
4513
4158
3204
6232
2940
4034
7872
5166
6538
3004
5345
6957
945
9145
2424
3908
3166
7559
6720
5115
6708
5322
2000
7266
5612
4122
4980
207
9322
12
2325
10480
6502
7059
421
4949
3081
1990
2326
5806
4752
8371
9638
9400
4649
3785
6073
9253
4703
9234
2195
1448
3762
7167
2894
9072
6808
6043
866
8287
2100
4699
8673
6623
4908
9446
8936
8214
8868
3570
9921
1686
6594
1639
690
6160
3110
1585
4571
8326
6884
10755
7175
10331
10057
3494
3552
730
6364
3593
3126
10441
6062
10118
882
5124
6185
5828
6135
10514
7609
3555
1653
4077
3787
7252
8634
5327
6798
8041
8192
8166
711
2407
4169
8980
845
660
7590
7139
3911
8147
3393
1542
3718
8962
4853
7285
8987
6734
665
9797
3226
9629
8344
3394
6621
7424
7623
6368
5420
3276
9844
10421
825
9517
6065
633
6755
2372
7849
10472
425
788
7382
9829
4203
1992
3564
5742
4607
7429
4681
6045
2293
417
4140
7646
7369
7782
8452
3643
7534
9546
6242
10447
475
2778
3232
719
4923
2004
4447
7274
9878
3179
3599
7670
1688
3374
7366
4762
5736
42
5396
7904
3631
6021
571
3600
6850
8059
5274
6728
5458
2127
8346
10758
2030
6086
2844
5102
10463
8284
3101
5688
4015
1280
7158
8151
1774
9717
2471
6999
2021
7141
3726
2173
4731
1341
180
10616
10197
2742
4485
7757
1845
1413
9643
7681
2683
9572
6289
1340
7445
5210
6387
4887
1888
1766
3779
6203
4392
6208
1559
9054
9906
5411
997
6290
2935
7953
4584
1702
685
3974
9745
6014
10491
4647
7731
7686
1886
10205
1361
501
636
249
4748
3580
832
4493
2172
5045
4599
9644
2728
7498
10198
10670
1537
2693
926
857
1133
5638
362
1781
10462
8132
8504
2517
5983
7182
8872
5065
5626
3307
5432
8687
4975
8088
1750
6089
9392
2256
3332
9545
9464
8537
3160
9808
4827
200
4820
3924
182
1002
627
7413
3114
4127
3283
6144
4799
923
8607
1636
574
8292
4680
3711
3040
187
9420
1186
9067
9196
9147
3195
6854
492
7324
9751
10351
4867
2010
3435
7156
4554
6729
6087
5523
1603
3876
2777
8459
9284
7987
3906
9236
1978
5004
4768
6774
5174
5921
3520
10069
10315
5723
3700
3701
4378
10606
1446
7255
86
3238
9466
2068
1731
8667
7039
3356
1565
10450
2766
9933
1915
8212
4272
7416
10389
2206
7373
1961
9533
1473
5399
2691
7066
3136
8168
998
877
8199
8822
7854
9685
1175
7033
943
7711
7694
4071
9155
10159
5268
6786
396
7856
3512
479
2735
3063
3982
4881
7184
6116
3676
4051
9227
4360
7744
6314
9998
4902
9879
9091
8253
5437
3117
6782
10566
7160
152
6180
10271
9139
892
7507
1997
7137
7798
2276
3072
5309
2588
2776
8753
5997
513
7769
5558
2690
2878
4281
2115
2199
1400
9108
5315
9418
3636
10645
498
2175
2717
2222
10066
6981
4514
3279
329
8926
9163
9578
1219
10404
8780
3958
2077
1713
4810
8616
4092
7807
385
2816
1518
9722
10242
10340
5204
1732
2547
8732
4959
1842
163
8286
7941
6661
9326
4961
5754
4542
4858
4753
7421
9958
7666
8812
461
2523
9687
1187
6346
85
10255
5920
9966
8818
4966
6139
10163
10264
1743
4550
5846
9341
8825
6833
9248
9651
2381
1504
4016
3758
4469
10409
6216
6733
7270
4911
570
993
230
7377
2324
3837
5565
7397
1284
8958
5147
7396
10033
4247
1558
8806
544
4664
7380
5702
5553
7040
5637
7945
1669
2587
9594
5450
210
9013
7573
9100
7607
9241
5873
987
3691
34
3310
4749
2589
4389
5538
193
7749
4235
8638
7685
6763
1988
3317
9983
5906
9742
7836
1792
5400
5891
5414
10434
300
4320
4633
125
1546
7005
9043
8974
10493
2905
4518
6759
4506
10237
2179
952
5168
5814
5132
10685
10379
4155
1958
7572
234
9566
6137
777
8950
5909
7989
3315
8977
1929
7216
1832
2556
986
6432
9697
8991
3130
4723
6080
803
6714
7657
3047
10693
8720
6476
3141
6042
4594
4720
1492
9231
10149
6037
4882
1528
8393
745
2226
809
4874
8198
9361
480
3582
2109
5313
3266
317
3952
6544
5795
1183
659
1094
5206
7294
4075
4977
7735
3498
2827
4419
6857
4326
2848
1695
154
8380
3137
847
7138
7341
6900
580
2534
4125
1434
9215
10302
211
8480
6145
2669
9959
5273
10065
4093
10023
5146
3522
3645
5377
2177
6066
10017
9279
3174
7564
4180
1339
4515
5205
2632
8656
7826
7833
4906
7389
6571
8913
5068
4444
9917
9026
8200
7332
8385
9984
1770
5539
8195
7496
1950
7188
5934
7524
9260
3611
4501
2500
5988
6670
4710
6395
3905
4765
2080
6713
6912
10550
7921
7370
10728
8874
6155
8652
10313
7645
9592
213
3018
3373
1802
4537
6136
8608
5438
7691
1959
1330
9498
10223
7659
4729
1432
7669
1172
10130
4307
7272
6896
915
5821
1658
6535
4440
6265
1548
871
3147
8735
3819
5571
5082
2711
9104
7611
6898
9070
7340
10093
3789
229
3409
10711
9865
9204
337
8375
5938
1379
3919
3786
445
4040
8370
3274
1268
9436
8064
9426
5030
2949
2187
4995
1849
2981
4673
8302
8953
1214
9272
311
4274
5410
7995
9313
2478
8852
9970
2966
1523
7145
6649
5154
7981
5903
4163
9562
3345
3849
2909
6462
5011
8018
9679
2323
246
1415
9381
2275
2667
3466
2904
6233
8617
6775
1103
9701
6817
7506
9261
5614
10492
10608
8243
2046
5653
1727
4058
867
9458
6390
2049
779
6406
3100
10539
7699
6466
2286
10747
10147
7985
2460
6609
8047
969
1487
9266
65
3481
2182
3358
1775
5200
1438
3322
9238
6985
5013
9277
795
3670
7178
5073
6508
464
7704
7814
1391
5264
5385
9506
9377
5783
6626
3688
91
1089
6881
5129
4000
4811
9817
10136
10708
4206
10698
2740
6393
9460
10775
8826
8030
377
75
7165
9286
2468
6503
8564
6701
9063
1262
4832
2954
7868
922
8456
3994
5367
6783
8766
5781
1477
6735
8487
3163
8400
727
4940
7677
2456
1553
3223
455
6611
1264
641
7048
165
8660
8019
3566
10296
9922
9431
7357
2860
7323
8957
2660
6288
8498
10071
220
7662
10193
1711
5917
3344
2354
1306
1880
5854
6799
1736
4689
7568
6779
8867
3920
8258
8733
3181
389
1042
2069
1086
8763
10295
4756
2493
3669
2282
9896
2074
805
940
10001
7404
3694
375
3686
3039
601
3220
2332
9617
7567
9626
5958
4059
1813
7503
166
6911
5992
6321
3318
3006
7128
7675
8605
5282
8423
5294
7058
7196
8462
9891
8361
8052
10283
5175
8795
7011
2238
10653
9439
5914
7439
7660
197
7718
7619
8363
603
5798
10078
10589
8170
5679
1541
5691
10772
9680
192
4896
6423
1169
1668
5570
4420
3754
9502
2117
10373
2305
1610
6118
8573
361
9093
1226
609
7346
4774
5447
7810
6104
700
10779
8820
3240
119
9741
4132
7202
6520
2522
8529
3858
854
5780
3308
5290
130
8548
3567
4204
8443
10134
3467
8249
8159
8440
1318
4611
10426
7795
3618
10750
5198
6369
4354
5656
10534
9319
5857
656
10769
3769
4852
2039
10689
6372
9005
4766
7638
8831
5532
284
8237
6472
2295
8599
4872
7268
1720
883
3256
7591
4280
3178
2892
7624
2288
5975
6051
7317
6756
1539
1855
5008
3452
10430
2111
509
7821
9850
9997
8625
563
2265
663
546
2484
6340
5418
459
1275
6101
2461
3515
10087
6931
9127
2510
8824
3742
10401
4870
6337
4665
8103
1074
6876
10238
8996
28
1596
2934
6470
9895
9778
10694
2614
2677
6664
7437
2279
1396
5261
7980
2013
10125
6921
4812
8255
1222
10050
8240
6524
6679
7562
1984
7092
9583
294
6604
8477
818
3610
5157
8543
8025
4938
3542
9175
8017
4663
9708
4934
5850
7514
638
7371
785
3989
2653
1942
4098
3881
671
10540
4301
6566
9591
10311
8039
1944
5949
4895
10496
9819
9989
7890
562
5661
3185
8613
6463
1635
379
4146
6841
6187
967
2124
10293
7552
4270
5606
10335
2516
5297
5893
7999
6569
9908
3134
4538
7432
6773
3940
4844
2193
4815
10477
10736
1289
6342
5803
5744
2443
4136
9627
10392
5107
8409
787
8728
9931
4408
9537
9467
661
9990
3558
3058
1059
2885
6052
6396
278
2698
5875
8509
8774
5721
10594
1823
1672
10798
9606
8646
7321
4541
9004
5238
9367
4835
398
5771
3501
3708
8086
7002
10682
4110
4477
10730
1607
9618
4027
5037
2113
426
3473
9882
3745
6488
4337
2262
10226
2266
8305
2567
8888
5479
9305
2314
2371
3076
8709
7635
5340
7776
9309
2671
10383
1343
5502
4407
3158
839
6934
612
1071
5947
7631
3083
7605
7095
4285
7752
330
457
9214
2797
868
5233
6815
8225
8952
2884
4998
4652
2756
10243
6228
10207
8262
8425
8067
4244
3957
7600
876
2681
3082
1334
4279
6988
7734
10524
8847
3116
1160
1297
10053
10269
2083
105
4524
7407
156
2341
7947
8066
2213
4150
6667
9543
5941
2580
191
8534
8816
8985
5567
495
8061
3706
4558
10595
5540
2552
10003
7973
7144
783
10024
5089
2481
3111
6974
5982
3247
9593
1272
2235
5671
20
7940
3462
10256
132
10029
6123
7537
4984
3472
8809
2960
1780
4261
8886
3382
3348
8935
6306
10644
3880
9824
7447
9601
9547
2708
9789
7751
554
3249
7543
2272
8353
8407
8099
10214
9706
6380
7096
1376
6875
4118
963
4114
4645
5487
6941
3592
564
1659
5288
3860
7481
4909
342
5515
4198
7264
10469
7894
9366
5095
82
4824
2796
8889
5924
251
7727
2917
1234
7109
748
4596
6209
3153
3869
9255
3728
6897
2793
6692
8325
4973
3075
6411
6097
9993
2925
2419
2241
6284
4269
3948
9237
862
9159
9259
7169
4661
4851
5659
4433
7250
5314
2566
578
6973
4914
3423
6455
5460
8681
6484
3096
6659
6731
3346
5607
1601
9927
7994
7860
52
7482
6297
6642
2528
1043
677
4004
10032
8951
4994
7584
10370
3015
9894
4414
8770
5849
4033
2397
10371
7309
611
7316
2687
8606
1893
1887
6385
4499
5326
2871
8909
3528
1109
3415
5767
4294
2623
8362
8998
4382
1649
4094
9542
8580
408
1004
4032
2497
1590
2285
2825
5193
3968
1717
6127
325
5503
5246
7982
740
1699
10154
3150
9598
3206
2379
8369
8648
6381
3575
1206
5181
6546
6431
2872
10599
286
3764
9291
10436
5394
2511
7799
4830
7206
765
8144
10124
6563
7185
2403
1472
3865
10722
5497
7739
6142
2673
8993
1576
471
3262
8715
4771
525
4322
9296
5750
1983
9874
8427
8150
2281
9689
1444
5145
4370
6067
7006
7697
9288
8229
8891
2489
9244
8769
10077
439
10405
7522
8293
3093
1211
8908
4563
1152
2877
7243
10244
7060
5280
10684
9342
10765
2176
6954
3703
2971
9188
9568
5666
2755
2345
110
3131
3840
437
10560
4936
9510
8925
10591
1076
9721
3304
7759
8203
160
2234
6982
4185
4575
6323
10677
8433
7461
3251
4674
2605
2017
4458
1470
58
4120
6776
910
10651
5453
6108
7193
2174
3311
6263
476
3936
5759
4840
10609
1156
4821
7493
1597
102
5730
10027
4801
2856
4919
3347
8349
4553
1052
6331
10777
6637
9616
3211
6958
3925
9073
7927
5770
470
3092
8454
7556
10236
2786
2081
8801
5347
9121
872
2840
4747
267
9730
84
1313
334
6088
6705
5685
9048
5802
2886
5031
3148
3407
6006
8101
10741
6579
5499
9582
8299
8335
2078
8143
364
7954
9631
5726
10117
1756
2386
2001
7603
1467
6513
3749
1242
6895
416
170
429
3502
2504
9762
2863
7768
3859
3991
2042
8188
6434
6803
9522
140
885
9359
4331
5185
507
2063
1210
9527
992
5255
5227
1814
8412
6905
725
7906
8659
8043
8405
9109
1493
5954
5632
2344
2146
8884
539
2306
1592
3320
2986
1715
9615
806
8619
7222
9257
1048
2296
2492
2765
9071
2429
4534
2946
7234
1365
1294
3692
9560
2734
6315
6205
4789
224
9799
2432
5752
2218
5387
4437
10661
5212
8282
4161
8141
2841
1229
7097
9699
2421
9476
6986
5963
6417
5357
8671
10113
4069
1617
6356
8388
1954
6000
9519
1806
6908
3155
2948
1861
5519
1314
8181
2651
2186
32
10186
7283
1623
9514
7862
2664
10142
9852
10005
5316
607
8636
8823
9693
5375
1023
6573
4544
6760
1609
6316
6146
3995
2545
3545
8882
1137
5496
186
8879
9500
5595
8920
4214
8328
8450
3246
5201
2289
6044
8138
10372
3196
9080
331
9090
4755
4123
6913
10573
8297
8485
8881
4390
797
9317
7895
2160
9031
3627
976
17
5740
2034
4873
8121
5633
7495
9978
1865
169
1190
6318
2964
6991
8943
2789
1598
10742
5918
2790
6849
3517
9179
6631
7195
6398
9493
1429
8196
5961
5299
5925
2539
10547
6034
8755
708
8778
6274
10443
8716
792
1852
8006
4955
4467
2330
4531
239
4854
9274
5214
3907
3030
7963
6188
228
7284
7329
10764
6674
343
9761
5665
70
6409
10081
444
1073
5735
2294
3419
7221
1115
6213
7563
895
8496
8787
2184
7172
947
10042
5895
320
10224
1220
6834
6272
4495
5412
5275
5312
2359
5985
4878
1134
2477
6837
9133
5171
6676
1163
314
7544
1113
6179
1703
77
4191
10049
1836
1030
3003
6717
5101
4999
2573
5169
10719
6746
4129
4511
3830
3447
7343
4268
9129
9358
8907
4005
7225
7683
6194
10555
9867
3516
5422
1808
3450
9120
3544
6099
4598
5826
2263
2579
1228
5240
2219
1901
1955
8589
7052
1510
7834
10658
10230
6360
9437
7463
9056
4805
2495
10318
731
7804
7131
4457
8248
5739
3776
2094
2396
5228
5239
6206
6017
688
8630
844
1650
5285
10485
257
5990
5117
8336
307
2835
2105
8468
6638
10300
6332
2250
1258
2201
1406
8445
3633
9369
9283
5908
7841
6122
5705
2730
9604
8160
2727
153
10495
4248
3825
5184
5936
9747
891
5952
6339
4678
2422
6726
10055
7050
6754
349
4702
8303
3719
3073
3628
10448
1245
7658
2574
927
3986
4593
9034
1155
5965
9452
7079
3486
8447
8108
2026
6302
8463
2798
9805
8491
8921
1070
1485
4310
4188
5825
3707
5430
9339
8232
2278
8355
5986
3074
1476
4258
6124
10438
8566
9648
3620
10375
7925
10701
2015
10623
1898
1536
3889
3945
9333
3194
8674
6182
3355
175
7571
5477
4043
9928
2210
2355
490
9902
2171
7020
8209
6903
7418
1675
4231
4363
599
1193
7610
2625
2533
5498
1977
1288
7100
9001
981
4358
5572
8306
532
10095
338
8266
9670
8685
2576
9950
4309
2409
3314
4255
9065
5940
1723
3429
494
6543
4735
10290
10610
8493
7191
9856
8024
6643
6176
9011
10382
2702
6719
1834
8128
2271
3400
6151
5092
7969
3319
6678
2771
1936
5551
3161
1575
5221
5897
9046
4009
4412
10326
4804
10280
3574
1375
647
1745
8759
4957
2643
1083
4377
8878
5673
8329
3107
7915
8267
3270
1580
10170
3103
4184
8856
7863
10162
488
6196
4784
2852
9192
100
10061
7653
9938
6056
57
2260
1460
8934
10584
4813
9185
3331
4855
8104
8969
591
9092
4162
7878
5457
1625
10336
5602
2775
2915
6666
305
1200
7764
3023
8372
6556
2140
5714
4775
7374
6422
7008
3677
5748
8040
9889
2045
162
412
6175
6480
8007
3554
2542
7672
4557
2867
1353
4962
6757
4979
8803
3064
6015
8808
3070
8528
5756
9897
4484
4428
2626
644
4543
942
6915
5939
6278
1185
4958
9334
1844
8058
1093
4086
1764
8817
120
5848
4730
7484
7469
5710
10745
7372
932
6427
4371
3833
8051
2050
5704
6829
2155
3402
1029
2749
5006
5137
8029
502
5695
5904
7063
7335
8449
4937
2631
6758
5199
1355
5610
1088
4803
222
6839
304
5879
5349
10341
4183
5533
3625
134
15
1490
4751
149
1105
7296
1345
8614
2656
9913
2054
7279
7217
1296
1417
6111
1141
2596
2242
6495
5753
3215
6904
9394
7741
1240
3540
6218
6702
10680
8737
1706
10562
2638
3334
7446
5330
10473
270
8892
6063
4170
6946
2342
1850
7331
1643
6523
5819
10638
8887
7354
1191
2826
3594
6239
4287
820
4001
5818
10432
7888
6280
9816
7617
5131
6906
4576
9225
1389
6333
1164
4224
1615
1124
5138
4048
3914
3140
693
2212
6493
4770
2750
3855
8414
6204
1015
6481
5155
1656
865
8502
6165
1719
189
1308
5972
6112
4677
4716
8285
9964
4891
2879
2494
7523
6574
5711
5642
399
3380
131
2147
6109
5468
9655
8351
6860
5627
672
1679
9009
3159
1533
3531
2373
4462
8796
4933
9548
6013
5749
1818
7597
312
2800
5587
3710
2431
6391
2527
6551
3993
4220
6928
8747
1305
10530
4776
2773
8590
101
4816
2718
4041
6268
2591
10673
1084
890
10414
5505
10363
8700
5594
6200
10512
6479
9770
2769
9597
3623
10111
2868
2496
1833
5716
8164
2434
8669
4284
1778
10106
3017
2641
1608
6351
8651
6359
2861
8773
6709
346
2180
5588
4402
90
2423
6766
8134
7012
3894
3964
8876
2227
9168
1291
2876
9846
10356
5585
6869
4479
1721
2144
8792
3468
1761
8829
1572
5378
5993
3586
3182
6049
2900
4062
2535
6168
3366
10109
6093
3042
9589
4480
1751
8275
6266
9287
4839
5130
10581
7470
5613
7754
5510
3414
4989
1253
8690
10794
3822
8106
10558
2290
793
1588
2088
618
5404
9462
9574
8495
10681
585
3577
7923
5374
7168
5989
8356
2585
3581
3695
8475
171
2065
9012
3275
10406
4763
4808
7864
630
2875
1067
848
1008
2370
2445
4662
7875
5668
7715
8975
1956
2267
9078
5855
9360
7235
10339
9658
6498
8864
8037
4453
8535
4348
10086
5435
6699
454
5371
10191
1428
3221
7164
8684
2252
6894
5231
10403
1912
2760
3067
3756
9173
6695
233
10171
4898
4101
8417
5055
376
2759
9468
2466
10263
3001
9123
9036
7785
5250
10467
2181
10759
2898
8127
7815
3088
5027
266
3207
4595
9611
7408
3507
3537
10194
8448
8631
2571
8124
6992
8703
9561
9841
489
9066
1188
9915
8567
4391
1422
10697
3815
1826
9535
5112
1735
8402
705
3956
7312
6601
2530
1996
4288
8767
6217
2908
8378
2339
4800
8963
4257
5283
794
8521
7457
729
8744
10203
3398
8230
6945
1701
3455
10664
73
8739
7068
3709
978
9772
2813
3770
2906
6532
5910
6761
10725
2970
4819
9914
9957
2200
10762
3838
541
3369
227
643
4536
10564
6795
4918
741
7242
673
5813
7918
3722
7148
5119
2649
4838
4556
4197
1864
10070
1531
2874
10643
10387
1624
4521
2916
8317
10525
3612
3189
4807
4868
4219
1498
6742
7779
10703
3300
9181
6294
6162
10744
2369
10642
5203
5513
9023
5967
9831
7566
860
545
5682
3783
5724
7276
2857
553
8446
7395
1239
7509
8358
4189
5151
1075
12020
12113
12124
12095
12001
12093
12072
12029
12060
12014
12009
12018
12112
12085
12058
12035
12006
12067
12012
12101
12016
12073
12121
12097
12040
12021
12062
12077
12086
12104
12000
12091
12033
12048
12019
12122
12002
12080
12066
12089
12044
12108
12026
12057
12119
12069
12125
12120
12065
12074
12071
12115
12099
12126
12053
12082
12096
12117
12087
12030
12025
12076
12034
12118
12098
12017
12100
12041
12106
12027
12005
12107
12015
12054
12038
12046
12013
12024
12049
12102
12010
12105
12043
12050
12090
11794
11717
11898
11770
11893
11724
11762
11907
11711
11815
11846
11892
11741
11747
11889
11820
11709
11739
11754
11750
11743
11796
11700
11761
11841
11818
11768
11772
11866
11823
11788
11752
11802
11856
11871
11723
11714
11828
11776
11891
11827
11778
11813
11854
11779
11873
11910
11845
11727
11896
11888
11862
11753
11704
11881
11883
11872
11903
11822
11905
11875
11836
11800
11870
11745
11742
11880
11832
11769
11906
11808
11842
11746
11793
11786
11801
11712
11740
11804
11777
11718
11901
11806
11701
11838
11855
11785
11837
11825
11909
11887
11726
11852
11767
11886
11826
11879
11798
11703
11824
11734
11868
11715
11708
11807
11902
11833
11781
11860
11790
11759
11895
11751
11877
11844
11713
11851
11848
11863
11908
11840
11758
11766
11702
11882
11850
11771
11869
11784
11803
11897
11809
11830
11816
11755
11780
11722
11710
11728
11849
11731
11735
11405
11539
11421
11535
11450
11499
11443
11518
11418
11448
11456
11426
11415
11497
11406
11541
11476
11472
11495
11430
11436
11516
11543
11506
11435
11512
11483
11526
11460
11532
11463
11494
11542
11536
11417
11475
11461
11459
11427
11477
11515
11533
11486
11527
11454
11403
11492
11531
11446
11491
11509
11538
11408
11422
11479
11432
11489
11474
11424
11471
11511
11520
11517
11510
11431
11470
11540
11400
11441
11457
11452
11504
11464
11508
11412
11481
11451
11534
11485
11493
11488
11411
11429
11444
11414
11402
11502
11437
11419
11490
11438
11503
11401
11522
11407
11425
